Initial:
P: 0.00151668409763631
I: 0.0208220844742687
D: -1.16416051762113e-05
N: 130.281355077694

New(ish):
P: 3.7917e-04
I: 0.00208220844742687
D: 1.16416051762113e-05
N: 50